[LEFT_CAM_2K]
cx=1066.41
cy=625.178
fx=1415.39
fy=1414.51
k1=0.1816198718936867
k2=0.4879032297013213
k3=-0.438187135448847
p1=0.005421094419821622
p2=-0.01686702929877146

[LEFT_CAM_FHD]
cx=922.414
cy=544.178
fx=1415.39
fy=1414.51
k1=0.1816198718936867
k2=0.4879032297013213
k3=-0.438187135448847
p1=0.005421094419821622
p2=-0.01686702929877146

[LEFT_CAM_HD]
cx=619.707
cy=360.589
fx=707.696
fy=707.254
k1=0.1816198718936867
k2=0.4879032297013213
k3=-0.438187135448847
p1=0.005421094419821622
p2=-0.01686702929877146

[LEFT_CAM_VGA]
cx=325.353
cy=187.794
fx=353.848
fy=353.627
k1=0.1816198718936867
k2=0.4879032297013213
k3=-0.438187135448847
p1=0.005421094419821622
p2=-0.01686702929877146

[LEFT_DISTO]
k1=-3.9101563425884036
k2=6.391454716307374
k3=-0.3938564338149218
k4=-4.1267886263427185
k5=7.19124245711248
k6=-1.7322743753038055
p1=0.005276983500423566
p2=-0.0187359775947092

[MISC]
Sensor_ID=0

[RIGHT_CAM_2K]
cx=1130.23
cy=652.33
fx=1424.67
fy=1423.39
k1=0.14714494650863738
k2=0.6303797009809012
k3=-0.565602882131213
p1=0.004395821291027382
p2=0.0017445550028253628

[RIGHT_CAM_FHD]
cx=986.228
cy=571.33
fx=1424.67
fy=1423.39
k1=0.14714494650863738
k2=0.6303797009809012
k3=-0.565602882131213
p1=0.004395821291027382
p2=0.0017445550028253628

[RIGHT_CAM_HD]
cx=651.614
cy=374.165
fx=712.335
fy=711.693
k1=0.14714494650863738
k2=0.6303797009809012
k3=-0.565602882131213
p1=0.004395821291027382
p2=0.0017445550028253628

[RIGHT_CAM_VGA]
cx=341.307
cy=194.583
fx=356.167
fy=355.847
k1=0.14714494650863738
k2=0.6303797009809012
k3=-0.565602882131213
p1=0.004395821291027382
p2=0.0017445550028253628

[RIGHT_DISTO]
k1=-2.5686231485650217
k2=7.096133807450698
k3=2.240837535046636
k4=-2.7690481365031943
k5=7.5668447708406505
k6=0.1370213768080825
p1=0.005613285783167361
p2=0.0006467365383306965

[STEREO]
Baseline=134.277
CV_2K=-0.00579565
CV_FHD=-0.00579565
CV_HD=-0.00579565
CV_VGA=-0.00579565
RX_2K=0.00235604
RX_FHD=0.00235604
RX_HD=0.00235604
RX_VGA=0.00235604
RZ_2K=0.00339379
RZ_FHD=0.00339379
RZ_HD=0.00339379
RZ_VGA=0.00339379
TY=-0.124973
TZ=1.98663